5
5.08
6.14
8.89
9.01
10.01
10.08
10.12
10.15
10.16
11.25
11.35
11.55
12.02
12.15
13.02
13.15
14.08
14.18
14.35
14.67
14.87
14.88
15.12
15.14
15.15
15.15
15.15
15.26
15.27
15.35
15.38
15.58
15.65
15.79
15.88
15.98
15.98
17.35
17.45
17.51
17.51
17.51
17.55
17.55
17.55
17.59
17.59
17.79
17.79
17.97
17.97
17.97
18.15
18.15
18.15
18.45
18.45
18.56
18.56
18.76
18.76
19.69
19.69
19.69
20.01
20.01
20.08
20.08
20.08
20.08
20.15
20.15
20.15
20.15
23.01
23.01
23.12
23.12
23.12
23.15
23.15
23.15
23.15
23.15
23.15
23.2
23.2
23.2
24.05
24.95
24.95
25.05
25.15
25.15
25.15
26.95
26.95
29.98
29.98